1 269
1 17
1 49
1 78
1 100
1 122
1 129
1 183
1 215
1 224
1 237
1 239
1 292
2 168
2 186
2 149
2 76
2 129
2 100
2 136
2 35
2 56
2 118
2 167
2 180
2 252
2 295
3 161
3 114
3 51
3 52
3 40
3 283
3 119
3 49
3 91
3 100
3 158
3 166
4 135
4 267
4 157
4 122
4 193
4 151
4 102
4 144
4 206
4 14
4 85
4 93
4 131
4 194
4 211
4 233
4 235
4 268
4 279
5 208
5 19
5 145
5 53
5 66
5 99
5 105
5 135
5 148
5 161
5 202
5 262
6 203
6 200
6 229
6 219
6 250
6 138
6 230
6 84
6 149
6 37
6 71
6 117
6 129
6 168
6 195
6 277
7 73
7 275
7 219
7 228
7 224
7 17
7 24
7 139
7 268
7 111
7 108
7 50
7 63
7 80
7 103
7 116
7 131
7 132
7 143
7 172
7 214
7 252
7 263
8 187
8 87
8 170
8 149
8 242
8 278
8 144
8 9
8 29
8 46
8 103
8 119
8 146
8 165
8 171
8 189
8 198
8 208
8 219
8 243
8 260
8 272
9 8
9 289
9 31
9 140
9 236
9 221
9 207
9 37
9 71
9 95
9 127
9 257
9 295
10 262
10 17
10 99
10 140
10 144
10 220
11 156
11 33
11 51
11 69
11 86
11 192
11 239
11 261
11 279
12 270
12 33
12 51
12 64
12 81
12 94
12 124
12 134
12 180
12 214
12 281
13 56
13 189
13 190
13 20
13 281
13 171
13 297
13 21
13 199
13 37
13 132
13 133
13 172
13 184
13 290
14 152
14 282
14 142
14 188
14 4
14 60
14 61
14 64
14 107
14 212
14 229
14 245
14 298
15 140
15 163
15 154
15 28
15 35
15 47
15 52
15 59
15 70
15 88
15 132
15 139
16 42
16 36
16 139
16 288
16 67
16 50
16 105
16 72
16 20
16 208
16 73
16 144
16 107
16 92
16 34
16 44
16 62
16 168
16 182
16 198
16 201
16 268
16 285
17 286
17 198
17 212
17 1
17 47
17 29
17 7
17 10
17 42
17 52
17 87
17 90
17 120
17 187
17 194
17 251
17 268
18 60
18 171
18 51
18 147
18 155
18 218
18 224
18 239
18 242
18 253
18 258
18 272
19 244
19 225
19 273
19 264
19 63
19 253
19 199
19 83
19 118
19 212
19 65
19 294
19 5
19 80
19 93
19 143
19 180
19 206
19 223
19 278
20 227
20 211
20 164
20 89
20 117
20 158
20 200
20 251
20 214
20 13
20 16
20 33
20 59
20 199
20 225
20 268
20 273
21 223
21 140
21 298
21 80
21 129
21 75
21 53
21 31
21 246
21 13
21 22
21 37
21 58
21 149
21 151
21 203
21 260
21 268
21 299
22 223
22 274
22 225
22 205
22 125
22 21
22 37
22 250
22 207
22 108
22 99
22 98
22 52
22 39
22 47
22 119
22 121
22 146
22 158
22 162
22 171
22 177
22 209
22 229
22 281
23 37
23 281
23 247
23 85
23 198
23 202
23 125
23 285
23 297
23 288
23 57
23 114
23 278
23 48
23 43
23 91
23 106
23 157
23 158
23 208
23 216
23 261
23 269
24 116
24 88
24 273
24 272
24 165
24 7
24 77
24 174
24 267
25 29
25 152
25 290
25 43
25 52
25 58
25 98
25 99
25 127
25 156
25 160
25 181
25 194
25 210
25 247
25 265
26 296
26 233
26 154
26 29
26 37
26 109
26 121
26 148
26 184
26 201
26 241
26 276
26 295
27 283
27 275
27 160
27 115
27 281
27 186
27 264
27 274
27 276
27 166
27 185
27 138
27 202
27 51
27 58
27 255
28 125
28 239
28 79
28 255
28 15
28 235
28 153
28 193
28 53
28 265
28 61
28 109
28 58
28 76
28 195
28 206
28 214
28 253
28 273
29 127
29 161
29 155
29 8
29 254
29 26
29 57
29 200
29 215
29 17
29 25
29 137
29 201
30 292
30 255
30 211
30 215
30 184
30 287
30 289
30 52
30 85
30 139
30 189
30 202
31 71
31 127
31 159
31 279
31 242
31 247
31 83
31 9
31 21
31 89
31 96
31 119
31 151
31 196
31 243
31 293
31 297
32 239
32 201
32 103
32 101
32 259
32 54
32 175
32 237
32 90
32 51
32 127
32 148
32 172
32 183
32 250
32 279
32 296
33 72
33 12
33 11
33 50
33 174
33 46
33 203
33 20
33 45
33 146
33 243
33 297
34 287
34 110
34 258
34 112
34 105
34 213
34 202
34 150
34 177
34 16
34 117
34 42
34 84
34 91
34 140
34 146
34 231
34 264
34 272
34 273
35 124
35 144
35 287
35 130
35 15
35 70
35 235
35 97
35 115
35 270
35 266
35 128
35 2
35 282
35 36
35 105
35 111
35 154
35 156
35 158
35 160
35 211
35 215
35 259
35 299
36 41
36 74
36 244
36 87
36 259
36 93
36 208
36 79
36 35
36 132
36 16
36 71
36 75
36 111
36 127
36 150
36 181
36 218
36 235
36 280
37 155
37 26
37 299
37 175
37 157
37 245
37 104
37 119
37 9
37 106
37 71
37 21
37 251
37 13
37 221
37 216
37 182
37 181
37 6
37 22
37 23
37 45
37 72
37 94
37 144
37 198
37 215
37 271
38 218
38 169
38 77
38 63
38 248
38 222
38 109
38 223
38 75
38 84
38 87
38 91
38 138
38 150
38 163
38 173
38 241
38 252
38 269
38 274
39 22
39 110
39 239
39 43
39 250
39 288
39 183
39 79
39 102
39 113
39 120
39 138
39 143
39 165
39 210
39 258
39 289
40 91
40 130
40 97
40 185
40 224
40 94
40 215
40 255
40 229
40 3
40 44
40 81
40 98
40 100
40 107
40 138
40 156
40 198
40 221
40 250
40 277
41 131
41 283
41 36
41 70
41 87
41 119
41 123
41 142
41 156
41 178
41 244
41 273
42 17
42 99
42 53
42 209
42 34
42 16
42 80
42 121
42 128
42 131
42 140
42 170
42 211
42 229
42 271
43 283
43 61
43 23
43 50
43 25
43 71
43 44
43 293
43 160
43 231
43 112
43 298
43 39
43 56
43 125
43 141
43 167
43 171
43 176
43 249
43 265
43 277
44 192
44 271
44 16
44 40
44 229
44 213
44 82
44 269
44 122
44 288
44 96
44 153
44 274
44 206
44 260
44 43
44 151
44 170
44 198
44 203
44 216
44 222
44 224
44 297
45 33
45 56
45 37
45 148
45 65
45 216
45 198
45 122
45 52
45 84
45 133
45 155
45 199
45 224
45 246
45 260
46 237
46 258
46 232
46 52
46 82
46 291
46 125
46 156
46 154
46 102
46 250
46 8
46 55
46 33
46 51
46 62
46 70
46 111
46 137
46 140
46 165
46 196
46 210
46 216
46 239
46 284
47 171
47 110
47 188
47 15
47 82
47 22
47 58
47 148
47 17
47 55
47 130
47 145
47 166
47 226
47 263
48 95
48 271
48 90
48 257
48 114
48 23
48 55
48 57
48 66
48 97
48 102
48 154
48 162
48 179
48 192
48 217
48 221
48 261
48 267
48 272
49 258
49 172
49 123
49 3
49 249
49 200
49 154
49 158
49 116
49 254
49 106
49 157
49 1
49 68
49 85
49 89
49 102
49 193
49 265
49 271
50 220
50 278
50 99
50 191
50 223
50 58
50 232
50 247
50 7
50 16
50 33
50 43
50 85
50 87
50 138
50 143
50 164
50 168
50 207
50 208
50 235
50 260
51 154
51 189
51 164
51 163
51 227
51 71
51 280
51 272
51 11
51 27
51 132
51 32
51 46
51 182
51 18
51 101
51 12
51 3
51 57
51 76
51 87
51 88
51 89
51 110
51 177
51 212
51 267
52 76
52 15
52 280
52 273
52 17
52 177
52 99
52 45
52 97
52 278
52 25
52 163
52 3
52 22
52 30
52 46
52 104
52 109
52 148
52 225
53 5
53 72
53 289
53 281
53 156
53 296
53 21
53 28
53 42
53 108
53 109
53 172
53 262
53 270
54 63
54 275
54 230
54 117
54 164
54 235
54 271
54 239
54 278
54 32
54 109
54 126
54 264
55 180
55 47
55 131
55 191
55 150
55 257
55 48
55 132
55 139
55 163
55 46
55 113
55 168
55 183
55 289
55 290
56 2
56 82
56 150
56 43
56 224
56 145
56 64
56 245
56 165
56 67
56 13
56 45
56 87
56 107
56 124
56 125
56 215
56 219
56 225
56 296
57 72
57 106
57 133
57 87
57 235
57 164
57 48
57 208
57 88
57 80
57 282
57 123
57 196
57 216
57 186
57 64
57 236
57 173
57 51
57 23
57 29
57 171
57 200
57 263
57 273
58 28
58 222
58 21
58 115
58 27
58 77
58 25
58 47
58 50
58 81
58 100
58 111
58 128
58 156
58 204
58 208
58 239
59 277
59 209
59 166
59 156
59 15
59 279
59 201
59 96
59 200
59 94
59 20
59 129
59 249
59 133
59 81
59 89
59 121
59 131
59 141
59 199
59 215
59 220
59 245
59 282
60 103
60 85
60 246
60 129
60 179
60 294
60 204
60 215
60 63
60 14
60 178
60 97
60 61
60 18
60 78
60 132
60 213
60 235
60 283
60 284
61 117
61 169
61 128
61 75
61 180
61 189
61 119
61 205
61 14
61 210
61 124
61 201
61 278
61 163
61 28
61 43
61 60
61 63
61 65
61 66
61 107
61 126
61 168
61 252
61 276
62 226
62 274
62 67
62 46
62 16
62 102
62 188
62 296
62 92
62 289
62 243
62 73
62 111
62 119
62 222
62 266
62 273
63 284
63 61
63 103
63 182
63 80
63 148
63 218
63 241
63 213
63 7
63 295
63 189
63 285
63 19
63 38
63 54
63 60
63 183
63 184
63 211
63 212
63 232
63 242
63 258
64 207
64 297
64 225
64 224
64 89
64 190
64 288
64 284
64 135
64 12
64 122
64 251
64 102
64 14
64 56
64 57
64 74
64 94
64 167
64 231
65 212
65 61
65 171
65 85
65 264
65 191
65 19
65 45
65 109
65 158
65 215
65 231
65 281
65 284
66 162
66 233
66 139
66 129
66 249
66 48
66 182
66 205
66 188
66 5
66 61
66 75
66 91
66 119
66 138
66 153
66 161
66 214
67 130
67 170
67 220
67 80
67 137
67 188
67 16
67 56
67 62
67 95
67 122
67 185
67 202
67 222
67 250
68 289
68 120
68 169
68 283
68 158
68 182
68 278
68 144
68 49
68 79
68 91
68 124
68 210
68 294
69 210
69 190
69 259
69 84
69 244
69 163
69 166
69 11
69 120
69 139
69 170
69 181
69 239
69 268
70 188
70 211
70 248
70 41
70 15
70 46
70 131
70 111
70 219
70 35
70 75
70 203
70 241
70 247
70 252
70 277
70 290
71 190
71 233
71 36
71 132
71 133
71 211
71 9
71 220
71 257
71 6
71 112
71 126
71 288
71 31
71 37
71 43
71 51
71 90
71 118
71 141
71 196
71 221
71 283
72 256
72 37
72 116
72 105
72 16
72 33
72 53
72 57
72 92
72 120
72 134
72 166
72 193
72 264
72 286
73 200
73 143
73 167
73 155
73 62
73 7
73 16
73 142
73 160
73 176
73 187
73 260
73 270
73 278
74 254
74 64
74 220
74 234
74 93
74 114
74 36
74 82
74 124
74 154
74 183
74 266
74 279
74 282
75 36
75 154
75 70
75 100
75 66
75 295
75 291
75 117
75 288
75 38
75 236
75 285
75 173
75 194
75 119
75 94
75 110
75 21
75 61
75 91
75 113
75 116
75 142
75 230
75 252
75 290
76 28
76 194
76 175
76 51
76 165
76 2
76 52
76 132
76 141
76 297
77 102
77 237
77 24
77 195
77 248
77 191
77 283
77 38
77 58
77 119
77 169
77 183
77 230
78 269
78 122
78 60
78 1
78 125
78 152
78 242
78 273
78 296
79 141
79 68
79 239
79 189
79 226
79 126
79 221
79 28
79 36
79 39
79 153
79 218
80 19
80 163
80 7
80 42
80 293
80 21
80 57
80 63
80 67
80 110
80 129
80 155
80 171
80 196
80 251
81 178
81 58
81 12
81 59
81 195
81 198
81 40
81 259
81 104
81 111
81 138
81 159
81 203
82 220
82 74
82 107
82 189
82 136
82 44
82 46
82 47
82 56
82 87
82 90
82 134
82 167
82 171
82 193
82 212
82 259
82 282
83 194
83 212
83 19
83 31
83 87
83 177
83 215
83 274
84 197
84 106
84 45
84 169
84 38
84 34
84 92
84 93
84 299
84 6
84 69
84 156
84 237
84 268
84 272
85 4
85 30
85 50
85 49
85 124
85 125
85 23
85 60
85 65
85 91
85 93
85 127
85 196
85 228
85 266
85 272
86 215
86 263
86 229
86 112
86 165
86 286
86 11
86 89
86 95
86 138
86 167
86 171
86 203
86 253
86 259
86 274
87 38
87 222
87 138
87 97
87 135
87 51
87 103
87 191
87 264
87 41
87 83
87 56
87 211
87 82
87 200
87 50
87 17
87 148
87 8
87 36
87 57
87 116
87 142
87 173
87 233
87 240
87 289
88 249
88 140
88 51
88 253
88 131
88 230
88 15
88 198
88 294
88 24
88 57
88 100
88 111
88 129
88 176
88 190
89 49
89 293
89 86
89 31
89 199
89 233
89 59
89 279
89 295
89 203
89 245
89 93
89 51
89 20
89 64
89 101
89 120
89 125
89 182
89 236
89 268
89 271
89 274
90 165
90 82
90 103
90 71
90 207
90 115
90 17
90 278
90 271
90 157
90 297
90 32
90 48
90 104
90 119
90 121
90 154
90 173
90 273
90 276
91 140
91 75
91 102
91 66
91 224
91 214
91 219
91 23
91 85
91 298
91 68
91 276
91 38
91 34
91 270
91 3
91 287
91 187
91 129
91 259
91 40
91 104
91 108
91 161
91 164
91 200
91 251
91 254
91 284
91 286
92 213
92 247
92 185
92 137
92 142
92 114
92 143
92 200
92 242
92 72
92 16
92 62
92 84
92 227
92 240
92 268
92 291
93 286
93 144
93 4
93 85
93 116
93 19
93 36
93 74
93 84
93 89
93 97
93 113
93 160
93 170
94 244
94 161
94 12
94 64
94 37
94 132
94 232
94 40
94 59
94 75
94 95
94 114
94 139
94 231
94 292
95 167
95 277
95 9
95 191
95 94
95 67
95 287
95 86
95 221
95 187
95 246
95 48
95 135
95 238
95 257
95 279
95 281
96 217
96 236
96 192
96 31
96 260
96 207
96 243
96 214
96 295
96 164
96 44
96 59
96 110
96 166
96 197
96 202
96 218
96 232
96 249
96 284
96 290
97 138
97 48
97 179
97 259
97 234
97 147
97 197
97 215
97 93
97 35
97 40
97 52
97 60
97 87
97 135
97 192
97 206
98 108
98 287
98 156
98 184
98 40
98 167
98 25
98 171
98 254
98 22
98 99
98 107
98 121
98 144
98 161
98 165
98 169
98 204
98 207
98 288
99 130
99 25
99 98
99 5
99 195
99 10
99 22
99 42
99 50
99 52
99 131
99 154
99 202
99 222
99 264
100 3
100 192
100 1
100 58
100 244
100 40
100 88
100 191
100 133
100 225
100 153
100 2
100 75
100 104
100 121
100 148
100 188
100 230
100 270
101 213
101 128
101 143
101 89
101 241
101 32
101 51
101 103
101 135
101 172
101 203
101 278
101 292
102 242
102 266
102 228
102 49
102 254
102 39
102 275
102 238
102 251
102 299
102 284
102 111
102 48
102 4
102 46
102 62
102 64
102 77
102 91
102 182
102 217
103 254
103 289
103 7
103 172
103 224
103 8
103 101
103 175
103 32
103 60
103 63
103 87
103 90
103 178
103 250
103 261
103 266
104 91
104 135
104 283
104 52
104 100
104 294
104 90
104 81
104 132
104 222
104 37
104 134
104 245
104 246
104 253
104 286
104 290
105 292
105 144
105 141
105 178
105 197
105 219
105 5
105 143
105 35
105 271
105 16
105 34
105 72
105 139
105 186
105 235
106 23
106 183
106 217
106 284
106 188
106 159
106 234
106 275
106 155
106 254
106 37
106 49
106 57
106 84
106 172
106 205
106 245
106 260
106 281
107 181
107 139
107 171
107 248
107 120
107 133
107 56
107 98
107 61
107 175
107 163
107 114
107 14
107 40
107 16
107 82
107 110
107 255
108 150
108 276
108 53
108 295
108 91
108 282
108 7
108 22
108 98
108 149
108 160
108 205
108 209
109 168
109 184
109 273
109 52
109 204
109 53
109 54
109 26
109 261
109 163
109 65
109 174
109 28
109 38
109 278
109 282
110 107
110 80
110 51
110 96
110 256
110 191
110 228
110 34
110 39
110 47
110 75
111 62
111 250
111 58
111 271
111 279
111 35
111 46
111 114
111 81
111 194
111 144
111 88
111 36
111 221
111 230
111 7
111 70
111 102
111 121
111 207
111 224
111 227
111 268
111 273
112 253
112 34
112 43
112 71
112 86
112 135
112 137
112 146
113 129
113 75
113 184
113 158
113 93
113 273
113 254
113 267
113 178
113 39
113 55
113 139
113 145
113 155
113 169
113 170
113 194
113 223
113 235
113 278
113 287
113 292
114 94
114 3
114 23
114 48
114 74
114 92
114 107
114 111
114 192
114 203
114 291
115 163
115 290
115 175
115 216
115 131
115 232
115 27
115 35
115 58
115 90
115 171
115 217
115 222
115 233
115 235
116 75
116 7
116 289
116 249
116 136
116 209
116 201
116 147
116 120
116 87
116 24
116 49
116 72
116 93
116 141
116 154
116 155
116 190
116 218
116 235
116 237
116 299
117 154
117 159
117 124
117 212
117 134
117 246
117 287
117 6
117 20
117 34
117 54
117 61
117 75
117 150
117 155
117 207
118 299
118 184
118 71
118 295
118 2
118 19
118 132
118 167
118 178
118 188
118 250
118 273
119 264
119 41
119 77
119 31
119 296
119 90
119 66
119 299
119 153
119 22
119 8
119 166
119 277
119 175
119 62
119 3
119 37
119 61
119 75
119 161
119 164
119 192
119 196
119 240
119 252
120 233
120 69
120 191
120 150
120 39
120 164
120 264
120 72
120 17
120 89
120 144
120 274
120 68
120 107
120 116
120 126
120 138
120 165
120 201
120 202
121 295
121 212
121 98
121 22
121 164
121 265
121 252
121 125
121 100
121 59
121 42
121 111
121 90
121 26
121 131
121 136
121 139
121 177
121 189
121 193
121 213
122 67
122 223
122 1
122 188
122 226
122 4
122 44
122 45
122 64
122 78
122 183
122 215
123 149
123 235
123 268
123 209
123 41
123 49
123 57
123 175
123 196
123 247
123 249
124 12
124 241
124 74
124 295
124 232
124 142
124 165
124 68
124 182
124 158
124 148
124 153
124 56
124 35
124 61
124 85
124 117
125 215
125 43
125 78
125 222
125 89
125 220
125 271
125 56
125 292
125 22
125 23
125 28
125 46
125 85
125 121
125 128
125 161
125 173
125 188
125 247
125 261
125 270
125 273
126 190
126 61
126 263
126 199
126 204
126 160
126 120
126 54
126 130
126 71
126 79
126 152
126 155
126 185
127 36
127 163
127 32
127 25
127 288
127 243
127 136
127 9
127 85
127 29
127 31
127 264
127 291
128 265
128 200
128 248
128 289
128 215
128 125
128 42
128 266
128 181
128 58
128 35
128 61
128 101
128 139
128 148
128 157
128 176
128 196
128 227
129 6
129 1
129 147
129 88
129 209
129 80
129 183
129 146
129 227
129 2
129 21
129 59
129 60
129 66
129 91
129 113
129 167
129 200
129 233
129 235
129 242
129 258
130 204
130 192
130 145
130 132
130 222
130 47
130 35
130 40
130 67
130 99
130 126
130 221
130 290
130 297
131 165
131 185
131 136
131 4
131 121
131 7
131 99
131 42
131 59
131 295
131 41
131 55
131 70
131 88
131 115
131 227
131 246
132 118
132 259
132 76
132 228
132 60
132 167
132 7
132 255
132 209
132 15
132 147
132 248
132 13
132 191
132 36
132 51
132 55
132 71
132 94
132 104
132 130
132 151
132 210
132 246
132 288
133 257
133 13
133 224
133 275
133 213
133 167
133 45
133 151
133 57
133 59
133 71
133 100
133 107
133 145
133 180
133 239
133 298
134 12
134 136
134 212
134 137
134 104
134 72
134 82
134 117
134 146
134 165
134 172
134 195
134 230
134 239
135 95
135 97
135 244
135 207
135 101
135 234
135 5
135 294
135 112
135 223
135 293
135 4
135 64
135 87
135 104
135 149
135 161
135 190
135 265
135 283
136 281
136 192
136 245
136 121
136 2
136 82
136 116
136 127
136 131
136 134
136 165
136 171
136 188
136 233
136 260
136 272
137 170
137 46
137 209
137 166
137 112
137 296
137 29
137 67
137 92
137 134
137 192
137 200
137 203
137 238
137 255
137 263
138 38
138 86
138 257
138 40
138 174
138 66
138 50
138 120
138 81
138 39
138 144
138 233
138 6
138 27
138 87
138 97
138 151
138 182
138 249
138 265
139 292
139 128
139 105
139 69
139 140
139 121
139 30
139 175
139 113
139 15
139 276
139 94
139 7
139 16
139 55
139 66
139 107
139 195
139 204
139 213
139 235
139 269
140 178
140 10
140 42
140 34
140 46
140 9
140 15
140 21
140 88
140 91
140 139
140 146
140 163
140 170
140 194
140 204
140 236
140 248
140 276
141 43
141 116
141 230
141 76
141 71
141 59
141 266
141 79
141 105
141 174
141 190
141 194
141 205
141 221
141 277
141 288
142 210
142 216
142 154
142 73
142 222
142 299
142 271
142 75
142 87
142 41
142 202
142 14
142 92
142 124
142 147
142 194
143 253
143 7
143 273
143 19
143 300
143 39
143 50
143 229
143 73
143 92
143 101
143 105
143 152
143 160
143 199
143 288
144 149
144 98
144 10
144 180
144 37
144 4
144 8
144 16
144 35
144 68
144 93
144 105
144 111
144 120
144 138
144 176
144 214
144 240
144 282
144 295
144 299
145 113
145 133
145 157
145 272
145 185
145 279
145 294
145 47
145 5
145 56
145 130
145 215
145 229
145 262
145 289
145 292
146 134
146 34
146 242
146 112
146 8
146 271
146 22
146 208
146 258
146 234
146 288
146 33
146 140
146 129
146 170
146 220
146 232
146 283
146 289
147 246
147 18
147 212
147 142
147 183
147 250
147 97
147 116
147 129
147 132
147 234
147 268
147 270
147 273
147 275
147 291
148 128
148 250
148 5
148 32
148 227
148 100
148 231
148 26
148 52
148 45
148 47
148 63
148 87
148 124
148 151
148 203
148 238
148 277
149 271
149 247
149 211
149 135
149 108
149 155
149 162
149 21
149 259
149 2
149 6
149 8
149 123
149 144
149 221
150 160
150 117
150 287
150 36
150 286
150 38
150 169
150 176
150 34
150 55
150 56
150 108
150 120
150 164
150 217
150 259
150 273
151 21
151 282
151 233
151 44
151 245
151 246
151 270
151 138
151 132
151 31
151 174
151 148
151 4
151 133
151 194
151 197
151 208
151 231
151 247
151 256
151 259
152 211
152 143
152 126
152 78
152 165
152 177
152 237
152 184
152 14
152 25
152 166
152 171
152 195
152 209
152 299
153 295
153 228
153 66
153 79
153 156
153 28
153 44
153 100
153 119
153 124
153 205
153 231
153 265
153 276
153 279
154 116
154 176
154 48
154 234
154 239
154 172
154 90
154 35
154 99
154 74
154 15
154 26
154 46
154 49
154 51
154 75
154 117
154 142
154 190
154 224
154 277
154 283
155 126
155 80
155 258
155 229
155 113
155 192
155 117
155 18
155 45
155 225
155 116
155 29
155 37
155 73
155 106
155 149
155 203
156 197
156 218
156 84
156 282
156 35
156 25
156 58
156 271
156 40
156 41
156 11
156 46
156 53
156 59
156 98
156 153
156 166
156 177
156 221
156 278
157 297
157 128
157 23
157 229
157 173
157 4
157 37
157 49
157 90
157 145
157 221
157 280
158 297
158 23
158 195
158 22
158 275
158 3
158 65
158 35
158 20
158 49
158 68
158 113
158 124
158 201
158 206
158 241
158 257
158 268
158 299
159 81
159 31
159 106
159 117
159 245
160 25
160 253
160 93
160 291
160 236
160 108
160 298
160 143
160 161
160 35
160 73
160 201
160 27
160 43
160 126
160 150
160 169
160 184
160 229
161 98
161 292
161 226
161 199
161 205
161 125
161 91
161 119
161 189
161 198
161 267
161 5
161 197
161 66
161 135
161 200
161 204
161 300
161 3
161 29
161 94
161 160
161 251
162 173
162 282
162 48
162 22
162 241
162 203
162 66
162 149
162 198
162 264
163 38
163 288
163 140
163 184
163 291
163 15
163 51
163 52
163 55
163 61
163 69
163 80
163 107
163 109
163 115
163 127
163 178
163 223
163 238
164 203
164 298
164 277
164 50
164 91
164 245
164 150
164 119
164 20
164 51
164 54
164 57
164 96
164 120
164 121
164 291
165 209
165 39
165 120
165 46
165 8
165 134
165 98
165 136
165 24
165 56
165 76
165 86
165 90
165 124
165 131
165 152
165 167
165 210
165 237
165 257
166 156
166 3
166 96
166 168
166 169
166 183
166 152
166 72
166 47
166 27
166 59
166 69
166 119
166 137
166 187
166 225
167 2
167 216
167 165
167 300
167 267
167 129
167 64
167 86
167 82
167 43
167 200
167 118
167 286
167 174
167 224
167 73
167 95
167 98
167 132
167 133
167 185
167 218
167 238
168 55
168 6
168 50
168 226
168 267
168 16
168 283
168 61
168 250
168 2
168 109
168 166
168 224
168 235
168 260
168 274
169 259
169 98
169 113
169 160
169 77
169 38
169 61
169 68
169 84
169 150
169 166
169 180
169 188
169 203
169 231
169 272
170 42
170 69
170 140
170 44
170 146
170 93
170 300
170 268
170 113
170 221
170 8
170 67
170 137
170 197
170 270
170 277
171 115
171 152
171 8
171 80
171 286
171 43
171 239
171 210
171 82
171 57
171 22
171 219
171 254
171 136
171 86
171 13
171 18
171 47
171 65
171 98
171 107
171 193
171 228
172 268
172 32
172 106
172 134
172 7
172 53
172 281
172 101
172 202
172 13
172 183
172 49
172 103
172 154
172 177
172 188
172 252
172 255
172 258
173 90
173 228
173 224
173 202
173 87
173 293
173 239
173 38
173 216
173 125
173 57
173 75
173 157
173 162
173 192
173 204
173 240
173 287
174 264
174 24
174 265
174 290
174 300
174 141
174 33
174 109
174 138
174 151
174 167
174 187
174 229
174 240
175 123
175 237
175 32
175 37
175 76
175 103
175 107
175 115
175 119
175 139
175 233
175 265
176 128
176 88
176 193
176 211
176 239
176 185
176 199
176 198
176 214
176 234
176 43
176 73
176 238
176 144
176 150
176 154
176 183
176 223
176 246
177 22
177 218
177 51
177 212
177 237
177 121
177 156
177 83
177 271
177 172
177 247
177 233
177 34
177 52
177 152
177 186
177 215
177 216
177 252
177 256
177 277
178 282
178 103
178 118
178 163
178 228
178 41
178 283
178 60
178 81
178 105
178 113
178 140
178 218
178 286
179 223
179 203
179 48
179 239
179 228
179 255
179 60
179 97
179 201
179 287
180 215
180 169
180 2
180 133
180 19
180 251
180 12
180 55
180 61
180 144
180 194
180 228
180 248
180 262
180 270
180 272
180 297
181 36
181 250
181 25
181 69
181 252
181 37
181 107
181 128
182 16
182 102
182 138
182 89
182 237
182 297
182 184
182 37
182 51
182 63
182 66
182 68
182 124
182 214
182 233
182 250
182 259
182 299
183 1
183 74
183 176
183 55
183 77
183 32
183 122
183 195
183 226
183 221
183 63
183 283
183 249
183 296
183 39
183 106
183 129
183 147
183 166
183 172
183 199
183 246
183 274
184 26
184 160
184 13
184 63
184 293
184 30
184 98
184 109
184 113
184 118
184 152
184 163
184 182
184 192
184 210
184 243
184 254
184 260
184 288
185 222
185 201
185 67
185 190
185 126
185 297
185 220
185 167
185 27
185 40
185 92
185 131
185 145
185 176
185 229
185 265
186 177
186 266
186 105
186 2
186 27
186 57
186 192
186 200
186 264
187 237
187 73
187 174
187 17
187 226
187 287
187 281
187 268
187 166
187 224
187 8
187 91
187 95
187 234
187 276
187 284
188 214
188 245
188 169
188 125
188 100
188 118
188 257
188 282
188 172
188 136
188 224
188 14
188 47
188 62
188 66
188 67
188 70
188 106
188 122
188 233
188 241
188 243
189 190
189 8
189 30
189 121
189 13
189 51
189 61
189 63
189 79
189 82
189 161
189 194
189 205
189 233
190 226
190 88
190 154
190 141
190 116
190 135
190 13
190 64
190 69
190 71
190 126
190 185
190 189
190 193
190 249
191 282
191 50
191 55
191 65
191 77
191 87
191 95
191 100
191 110
191 120
191 132
191 218
191 256
191 270
192 186
192 97
192 11
192 48
192 119
192 263
192 137
192 184
192 114
192 173
192 224
192 225
192 44
192 96
192 100
192 130
192 136
192 155
192 218
192 228
192 274
192 290
192 291
193 298
193 295
193 121
193 72
193 270
193 212
193 204
193 190
193 82
193 49
193 171
193 4
193 28
193 176
193 207
193 258
193 267
193 279
193 291
194 246
194 189
194 222
194 140
194 142
194 151
194 17
194 180
194 25
194 4
194 141
194 113
194 75
194 76
194 83
194 111
194 195
194 196
194 221
194 226
194 258
195 194
195 284
195 28
195 134
195 271
195 139
195 217
195 152
195 6
195 300
195 77
195 81
195 99
195 158
195 183
195 213
195 282
195 285
196 123
196 236
196 85
196 31
196 194
196 273
196 119
196 71
196 128
196 80
196 46
196 57
196 261
197 260
197 282
197 151
197 170
197 96
197 208
197 84
197 97
197 105
197 156
197 161
197 206
197 214
197 241
197 254
197 296
198 162
198 37
198 44
198 16
198 8
198 225
198 40
198 17
198 23
198 45
198 81
198 88
198 161
198 176
198 262
198 270
198 284
198 298
199 143
199 59
199 20
199 204
199 219
199 281
199 283
199 183
199 45
199 220
199 261
199 13
199 19
199 89
199 126
199 161
199 176
199 251
199 256
199 272
199 278
200 129
200 229
200 137
200 91
200 57
200 186
200 6
200 20
200 29
200 49
200 59
200 73
200 87
200 92
200 128
200 161
200 167
200 204
200 218
200 240
200 265
200 288
201 29
201 250
201 237
201 120
201 158
201 26
201 179
201 16
201 240
201 223
201 32
201 59
201 61
201 116
201 160
201 185
201 266
202 99
202 299
202 294
202 96
202 270
202 120
202 272
202 67
202 30
202 233
202 5
202 23
202 27
202 34
202 142
202 172
202 173
202 221
202 229
202 246
202 250
202 258
202 262
203 155
203 114
203 86
203 223
203 44
203 169
203 70
203 137
203 148
203 101
203 81
203 271
203 222
203 21
203 6
203 33
203 89
203 162
203 164
203 179
203 232
203 248
203 255
203 261
203 276
203 287
203 290
204 140
204 276
204 98
204 248
204 139
204 250
204 173
204 200
204 256
204 58
204 60
204 109
204 126
204 130
204 161
204 193
204 199
204 213
204 222
204 246
204 272
205 273
205 225
205 141
205 108
205 189
205 153
205 106
205 22
205 61
205 66
205 161
205 235
205 256
205 268
206 28
206 252
206 218
206 275
206 238
206 158
206 97
206 19
206 197
206 4
206 44
206 211
206 213
206 231
206 236
206 239
206 261
206 277
207 290
207 117
207 111
207 226
207 98
207 50
207 291
207 277
207 193
207 9
207 22
207 64
207 90
207 96
207 135
207 242
207 253
207 262
207 267
207 272
208 23
208 209
208 58
208 50
208 8
208 151
208 289
208 213
208 5
208 16
208 36
208 57
208 146
208 197
208 211
208 293
209 108
209 152
209 22
209 253
209 293
209 42
209 59
209 116
209 123
209 129
209 132
209 137
209 165
209 208
209 234
209 238
209 278
209 285
209 288
210 25
210 132
210 289
210 184
210 165
210 278
210 46
210 68
210 39
210 221
210 61
210 69
210 142
210 171
210 237
211 63
211 206
211 42
211 4
211 208
211 35
211 247
211 20
211 30
211 70
211 71
211 87
211 149
211 152
211 176
211 213
211 250
212 217
212 293
212 14
212 254
212 82
212 51
212 272
212 63
212 299
212 220
212 17
212 19
212 65
212 83
212 117
212 121
212 134
212 147
212 177
212 193
212 252
212 292
213 195
213 139
213 211
213 60
213 262
213 204
213 121
213 251
213 293
213 206
213 34
213 44
213 63
213 92
213 101
213 133
213 208
213 231
214 144
214 66
214 219
214 7
214 12
214 28
214 197
214 182
214 20
214 91
214 96
214 176
214 188
214 259
215 122
215 65
215 59
215 145
215 83
215 37
215 56
215 1
215 35
215 177
215 249
215 29
215 30
215 40
215 60
215 86
215 97
215 125
215 128
215 180
215 229
215 238
215 242
216 177
216 46
216 23
216 258
216 44
216 252
216 37
216 45
216 57
216 115
216 142
216 167
216 173
216 231
216 232
216 254
217 102
217 48
217 288
217 150
217 272
217 115
217 96
217 106
217 195
217 212
217 248
218 36
218 18
218 79
218 178
218 116
218 192
218 191
218 200
218 167
218 96
218 38
218 63
218 156
218 177
218 206
218 231
218 278
218 292
219 8
219 56
219 247
219 242
219 6
219 7
219 70
219 91
219 105
219 171
219 199
219 214
219 258
219 290
219 300
220 293
220 10
220 59
220 146
220 50
220 67
220 71
220 74
220 82
220 125
220 185
220 199
220 212
220 221
220 225
220 252
220 263
221 194
221 149
221 258
221 202
221 220
221 130
221 71
221 141
221 48
221 157
221 40
221 156
221 9
221 37
221 79
221 95
221 111
221 170
221 183
221 210
221 291
222 99
222 62
222 204
222 238
222 44
222 67
222 115
222 38
222 58
222 87
222 104
222 125
222 130
222 142
222 185
222 194
222 203
222 231
222 249
222 290
223 19
223 234
223 113
223 299
223 163
223 176
223 21
223 22
223 38
223 50
223 122
223 135
223 179
223 201
223 203
223 227
223 252
223 264
223 269
224 45
224 1
224 230
224 111
224 168
224 44
224 154
224 282
224 245
224 18
224 259
224 7
224 40
224 56
224 64
224 91
224 103
224 133
224 167
224 173
224 187
224 188
224 192
224 237
224 240
225 52
225 56
225 20
225 166
225 237
225 220
225 19
225 22
225 64
225 100
225 155
225 192
225 198
225 205
225 234
225 247
225 250
225 269
225 277
225 299
226 47
226 194
226 62
226 79
226 122
226 161
226 168
226 183
226 187
226 190
226 207
226 267
227 259
227 223
227 111
227 128
227 131
227 92
227 20
227 51
227 129
227 148
227 233
227 277
228 85
228 192
228 250
228 180
228 171
228 7
228 102
228 110
228 132
228 153
228 173
228 178
228 179
228 233
228 273
229 145
229 268
229 42
229 285
229 185
229 22
229 160
229 215
229 14
229 174
229 202
229 6
229 40
229 44
229 86
229 143
229 155
229 157
229 200
230 77
230 134
230 75
230 259
230 100
230 6
230 54
230 88
230 111
230 141
230 224
230 284
230 294
231 213
231 151
231 65
231 153
231 216
231 34
231 169
231 292
231 218
231 64
231 94
231 206
231 222
231 43
231 148
231 253
231 268
231 274
232 63
232 146
232 273
232 245
232 96
232 203
232 284
232 216
232 46
232 50
232 94
232 115
232 124
232 233
232 260
232 264
233 227
233 274
233 4
233 284
233 293
233 175
233 115
233 136
233 189
233 182
233 260
233 129
233 232
233 257
233 87
233 228
233 188
233 26
233 66
233 71
233 89
233 120
233 138
233 151
233 177
233 202
233 254
234 187
234 209
234 272
234 297
234 225
234 147
234 74
234 97
234 106
234 135
234 146
234 154
234 176
234 223
234 273
235 139
235 113
235 168
235 36
235 115
235 50
235 105
235 4
235 129
235 116
235 205
235 60
235 28
235 35
235 54
235 57
235 123
235 300
236 206
236 257
236 89
236 284
236 140
236 9
236 57
236 75
236 96
236 160
236 196
236 251
237 165
237 116
237 284
237 285
237 210
237 224
237 1
237 276
237 252
237 84
237 32
237 46
237 77
237 152
237 175
237 177
237 182
237 187
237 201
237 225
237 288
238 167
238 264
238 240
238 163
238 95
238 215
238 241
238 137
238 209
238 148
238 102
238 176
238 206
238 222
238 239
239 58
239 11
239 238
239 1
239 255
239 69
239 206
239 18
239 133
239 46
239 134
239 28
239 32
239 39
239 54
239 79
239 154
239 171
239 173
239 176
239 179
239 257
239 263
240 119
240 260
240 261
240 174
240 200
240 144
240 92
240 87
240 173
240 224
240 201
240 238
240 267
240 294
241 245
241 38
241 26
241 188
241 158
241 70
241 197
241 63
241 101
241 124
241 162
241 238
241 282
242 215
242 63
242 129
242 207
242 78
242 18
242 272
242 8
242 31
242 92
242 102
242 146
242 219
242 283
243 184
243 258
243 281
243 8
243 31
243 33
243 270
243 188
243 62
243 96
243 127
243 254
244 41
244 19
244 36
244 69
244 94
244 100
244 135
244 252
244 256
244 281
245 14
245 159
245 104
245 271
245 106
245 297
245 59
245 37
245 56
245 89
245 136
245 151
245 164
245 188
245 224
245 232
245 241
245 264
245 288
245 300
246 132
246 300
246 204
246 131
246 45
246 297
246 176
246 183
246 202
246 104
246 298
246 21
246 60
246 95
246 117
246 147
246 151
246 194
246 265
246 271
246 274
247 25
247 125
247 151
247 225
247 123
247 70
247 23
247 31
247 50
247 92
247 149
247 177
247 211
247 219
248 140
248 180
248 266
248 203
248 217
248 38
248 70
248 77
248 107
248 128
248 132
248 204
249 123
249 138
249 222
249 252
249 96
249 190
249 43
249 283
249 49
249 59
249 66
249 88
249 116
249 183
249 215
249 299
250 202
250 32
250 103
250 40
250 211
250 225
250 118
250 182
250 271
250 67
250 256
250 6
250 22
250 39
250 46
250 111
250 147
250 148
250 168
250 181
250 201
250 204
250 228
250 272
250 296
251 17
251 298
251 236
251 161
251 91
251 273
251 199
251 80
251 20
251 37
251 64
251 102
251 180
251 213
251 282
251 288
251 295
252 177
252 223
252 61
252 212
252 172
252 70
252 38
252 294
252 2
252 220
252 7
252 244
252 75
252 119
252 121
252 181
252 206
252 216
252 237
252 249
252 270
253 279
253 289
253 207
253 267
253 18
253 86
253 28
253 104
253 231
253 19
253 88
253 112
253 143
253 160
253 209
254 233
254 216
254 197
254 265
254 91
254 184
254 259
254 243
254 29
254 49
254 74
254 98
254 102
254 103
254 106
254 113
254 171
254 212
254 261
255 107
255 172
255 203
255 137
255 27
255 28
255 30
255 40
255 132
255 179
255 239
255 264
256 205
256 151
256 244
256 277
256 177
256 191
256 199
256 72
256 110
256 204
256 250
256 276
256 278
256 289
257 9
257 239
257 261
257 95
257 158
257 165
257 48
257 55
257 71
257 133
257 138
257 188
257 233
257 236
257 258
258 219
258 18
258 39
258 194
258 63
258 202
258 172
258 193
258 129
258 277
258 257
258 34
258 46
258 49
258 146
258 155
258 216
258 221
258 243
258 292
258 300
259 182
259 150
259 35
259 214
259 82
259 297
259 263
259 86
259 151
259 32
259 36
259 69
259 81
259 91
259 97
259 132
259 149
259 169
259 224
259 227
259 230
259 254
260 50
260 168
260 232
260 106
260 73
260 8
260 21
260 184
260 45
260 136
260 44
260 96
260 197
260 233
260 240
261 103
261 206
261 11
261 254
261 203
261 125
261 196
261 23
261 48
261 109
261 199
261 240
261 257
261 265
262 202
262 5
262 263
262 198
262 53
262 145
262 180
262 207
262 10
262 213
262 266
262 280
262 287
263 239
263 7
263 47
263 57
263 273
263 137
263 220
263 86
263 126
263 192
263 259
263 262
264 223
264 186
264 99
264 54
264 72
264 232
264 162
264 255
264 127
264 34
264 245
264 19
264 27
264 65
264 87
264 119
264 120
264 174
264 238
265 138
265 261
265 49
265 43
265 175
265 200
265 153
265 135
265 246
265 294
265 276
265 185
265 25
265 28
265 121
265 128
265 174
265 254
266 85
266 74
266 279
266 275
266 295
266 201
266 62
266 262
266 103
266 35
266 102
266 128
266 141
266 186
266 248
266 273
267 193
267 226
267 240
267 24
267 51
267 48
267 207
267 4
267 113
267 161
267 167
267 168
267 253
267 273
267 277
268 16
268 20
268 205
268 17
268 84
268 69
268 231
268 21
268 111
268 4
268 158
268 92
268 147
268 89
268 7
268 123
268 170
268 172
268 187
268 229
268 290
268 291
269 139
269 223
269 38
269 23
269 225
269 1
269 44
269 78
269 292
270 191
270 281
270 125
270 100
270 147
270 252
270 170
270 198
270 180
270 53
270 73
270 12
270 35
270 91
270 151
270 193
270 202
270 243
270 295
271 246
271 287
271 89
271 49
271 42
271 37
271 44
271 48
271 54
271 90
271 105
271 111
271 125
271 142
271 146
271 149
271 156
271 177
271 195
271 203
271 245
271 250
272 34
272 8
272 279
272 48
272 207
272 180
272 250
272 204
272 18
272 169
272 136
272 199
272 84
272 85
272 24
272 51
272 145
272 202
272 212
272 217
272 234
272 242
272 283
272 292
272 300
273 234
273 118
273 267
273 295
273 299
273 90
273 34
273 41
273 125
273 228
273 150
273 287
273 62
273 20
273 147
273 28
273 57
273 266
273 111
273 78
273 19
273 24
273 52
273 109
273 113
273 143
273 196
273 205
273 232
273 251
273 263
273 291
274 231
274 183
274 83
274 283
274 168
274 246
274 295
274 192
274 38
274 89
274 86
274 22
274 27
274 44
274 62
274 120
274 233
274 280
275 276
275 147
275 7
275 27
275 54
275 102
275 106
275 133
275 158
275 206
275 266
276 203
276 90
276 26
276 140
276 61
276 187
276 256
276 153
276 27
276 91
276 108
276 139
276 204
276 237
276 265
276 275
276 292
277 267
277 206
277 170
277 148
277 225
277 227
277 40
277 141
277 154
277 177
277 70
277 6
277 43
277 59
277 95
277 119
277 164
277 207
277 256
277 258
277 287
278 199
278 156
278 218
278 73
278 113
278 256
278 19
278 101
278 209
278 109
278 8
278 23
278 50
278 52
278 54
278 61
278 68
278 90
278 210
279 95
279 193
279 74
279 11
279 153
279 32
279 4
279 31
279 59
279 89
279 111
279 145
279 253
279 266
279 272
280 36
280 157
280 274
280 262
280 51
280 52
281 65
281 244
281 12
281 22
281 95
281 106
281 13
281 23
281 27
281 53
281 136
281 172
281 187
281 199
281 243
281 270
281 297
282 82
282 195
282 251
282 144
282 59
282 296
282 74
282 241
282 109
282 14
282 35
282 57
282 108
282 151
282 156
282 162
282 178
282 188
282 191
282 197
282 224
283 60
283 146
283 242
283 71
283 154
283 272
283 294
283 135
283 3
283 27
283 41
283 43
283 68
283 77
283 104
283 168
283 178
283 183
283 199
283 249
283 274
284 60
284 46
284 230
284 91
284 198
284 187
284 96
284 65
284 63
284 64
284 102
284 106
284 195
284 232
284 233
284 236
284 237
284 286
285 16
285 195
285 209
285 287
285 23
285 63
285 75
285 229
285 237
286 284
286 72
286 104
286 178
286 91
286 17
286 86
286 93
286 150
286 167
286 171
287 262
287 113
287 277
287 173
287 203
287 179
287 30
287 34
287 35
287 91
287 95
287 98
287 117
287 150
287 187
287 271
287 273
287 285
288 251
288 132
288 98
288 300
288 143
288 184
288 209
288 245
288 200
288 237
288 141
288 16
288 23
288 39
288 44
288 64
288 71
288 75
288 127
288 146
288 163
288 217
288 299
289 39
289 256
289 87
289 55
289 145
289 146
289 9
289 30
289 53
289 62
289 68
289 103
289 116
289 128
289 208
289 210
289 253
290 192
290 75
290 96
290 219
290 70
290 296
290 203
290 55
290 297
290 268
290 292
290 104
290 222
290 130
290 13
290 25
290 115
290 174
290 207
290 295
291 92
291 147
291 127
291 114
291 221
291 192
291 193
291 164
291 268
291 296
291 273
291 46
291 75
291 160
291 163
291 207
292 218
292 101
292 258
292 1
292 276
292 145
292 269
292 272
292 94
292 212
292 113
292 30
292 105
292 125
292 139
292 161
292 231
292 290
293 31
293 208
293 43
293 80
293 89
293 135
293 173
293 184
293 209
293 212
293 213
293 220
293 233
294 230
294 68
294 240
294 19
294 60
294 88
294 104
294 135
294 145
294 202
294 252
294 265
294 283
295 26
295 251
295 9
295 2
295 270
295 144
295 290
295 63
295 75
295 89
295 96
295 108
295 118
295 121
295 124
295 131
295 153
295 193
295 266
295 273
295 274
296 250
296 78
296 197
296 32
296 56
296 26
296 53
296 62
296 119
296 137
296 183
296 282
296 290
296 291
297 180
297 76
297 281
297 130
297 33
297 44
297 31
297 13
297 23
297 64
297 90
297 157
297 158
297 182
297 185
297 234
297 245
297 246
297 259
297 290
298 198
298 14
298 133
298 21
298 43
298 91
298 160
298 164
298 193
298 246
298 251
299 116
299 249
299 144
299 35
299 21
299 182
299 152
299 158
299 225
299 288
299 37
299 84
299 102
299 118
299 119
299 142
299 202
299 212
299 223
299 273
300 219
300 272
300 245
300 258
300 235
300 143
300 161
300 167
300 170
300 174
300 195
300 246
300 288
